#include <iostream>

using namespace std;

int main()
{
    setlocale(0, "");

    int arrlil[15][15] = {
        {1,1,1,1,1,1,1,1,1,1,1,1,1,1,1},
        {1,1,1,1,1,1,1,1,1,1,1,1,1,1,1},
        {1,1,1,1,1,1,1,1,1,1,1,1,1,1,1},
        {1,1,1,1,1,1,1,1,1,1,1,1,1,1,1},
        {1,1,1,1,0,0,0,0,0,0,1,1,1,1,1},
        {1,1,1,0,0,1,1,1,1,0,0,1,1,1,1},
        {1,1,0,0,1,1,1,1,1,1,0,0,1,1,1},
        {1,1,0,1,0,0,1,0,0,1,1,0,1,1,1},
        {1,1,0,1,0,0,1,0,0,1,1,0,1,1,1},
        {1,1,0,1,1,1,1,1,1,1,1,0,1,1,1},
        {1,1,0,1,1,1,0,0,1,1,1,0,1,1,1},
        {1,1,0,0,0,1,1,1,1,0,0,0,1,1,1},
        {1,1,1,1,0,1,1,1,1,0,1,1,1,1,1},
        {1,1,1,1,0,1,1,1,1,0,1,1,1,1,1},
        {1,1,1,1,0,1,1,1,1,0,1,1,1,1,1},
    };

    int arrmid[20][20] = {
        {1,1,1,1,1,1,1,1,1,1,1,1,0,1,1,1,1,1,1,1},
        {1,0,1,1,1,1,1,1,1,1,1,1,0,1,1,1,1,1,1,1},
        {1,0,0,0,0,0,0,0,0,0,0,0,0,1,1,1,1,1,1,1},
        {1,1,1,1,1,1,1,1,1,1,1,1,0,1,1,1,1,1,1,1},
        {1,1,1,1,1,1,1,1,1,1,1,1,0,1,1,1,1,1,1,1},
        {1,1,1,1,1,1,1,1,0,0,0,0,0,1,1,1,1,1,1,1},
        {1,1,1,1,1,1,1,1,0,1,1,1,0,1,1,1,1,1,1,1},
        {1,1,1,1,1,1,1,1,0,1,1,1,0,1,1,1,1,1,1,1},
        {1,1,1,1,1,1,1,1,0,1,1,1,0,1,1,1,1,1,1,1},
        {1,1,1,1,1,1,1,1,0,1,1,1,0,1,1,1,1,1,1,1},
        {1,0,0,0,0,0,0,0,0,1,1,1,0,1,1,1,1,1,1,1},
        {1,1,1,1,1,1,0,1,1,1,1,1,0,1,1,1,1,1,1,1},
        {1,1,1,1,1,1,0,1,1,1,1,1,0,1,1,1,1,1,1,1},
        {1,1,1,1,1,1,0,1,0,0,0,1,0,1,1,1,1,1,1,1},
        {1,1,1,1,1,1,0,1,0,1,0,1,0,0,0,0,0,1,1,1},
        {1,1,1,1,1,1,0,1,0,1,0,1,1,1,1,1,1,1,1,1},
        {1,1,1,1,1,1,0,0,0,1,0,1,1,1,1,1,1,1,1,1},
        {1,1,0,0,0,1,1,1,1,1,0,1,1,1,1,1,1,1,1,1},
        {1,1,0,1,0,0,0,0,0,0,0,1,1,1,1,1,1,1,1,1},
        {1,1,0,1,1,1,1,1,1,1,1,1,1,1,1,1,1,1,1,1},
    };

    int arrbig[30][30] = {
        {1,1,1,1,1,1,1,1,1,1,1,1,1,1,1,1,1,1,1,1,1,1,1,1,1,1,1,1,1,1},
        {1,0,0,0,1,0,1,0,1,0,0,0,1,0,1,1,1,0,1,1,1,1,1,1,1,1,1,1,1,1},
        {1,0,1,0,1,0,1,0,1,0,1,1,1,0,0,1,0,0,1,1,1,1,1,1,1,1,1,1,1,1},
        {1,0,0,1,1,1,0,0,1,0,0,0,1,0,1,0,1,0,1,1,1,1,1,1,1,1,1,1,1,1},
        {1,0,1,0,1,1,1,0,1,0,1,1,1,0,1,1,1,0,1,1,1,1,1,1,1,1,1,1,1,1},
        {1,0,0,0,1,1,1,0,1,0,0,0,1,0,1,1,1,0,1,1,1,1,1,1,1,1,1,1,1,1},
        {1,1,1,1,1,1,1,1,1,1,1,1,1,1,1,1,1,1,1,1,1,1,1,1,1,1,1,1,1,1},
        {1,0,0,0,1,0,1,0,1,0,0,0,1,0,1,1,1,1,1,1,1,1,1,1,1,1,1,1,1,1},
        {1,0,1,1,1,0,1,0,1,1,0,1,1,0,1,1,1,1,1,1,1,1,1,1,1,1,1,1,1,1},
        {1,0,1,1,1,1,0,0,1,1,0,1,1,0,0,1,1,1,1,1,1,1,1,1,1,1,1,1,1,1},
        {1,0,1,1,1,1,0,1,1,1,0,1,1,0,1,0,1,1,1,1,1,1,1,1,1,1,1,1,1,1},
        {1,0,0,0,1,0,1,1,1,1,0,1,1,0,0,0,1,1,1,1,1,1,1,1,1,1,1,1,1,1},
        {1,1,1,1,1,1,1,1,1,1,1,1,1,1,1,1,1,1,1,1,1,1,1,1,1,1,1,1,1,1},
        {1,0,0,0,1,0,1,1,1,0,1,0,0,0,1,0,1,1,0,1,0,0,0,1,0,0,0,1,1,1},
        {1,0,1,1,1,0,1,1,1,0,1,1,0,1,1,0,1,1,0,1,0,1,0,1,1,1,0,1,1,1},
        {1,0,0,0,1,0,0,0,1,0,1,1,0,1,1,0,1,0,0,1,0,0,0,1,1,0,1,1,1,1},
        {1,0,1,0,1,0,1,0,1,0,1,1,0,1,1,0,0,1,0,1,0,1,0,1,1,1,1,1,1,1},
        {1,0,0,0,1,0,0,0,1,0,1,1,0,1,1,0,1,1,0,1,0,1,0,1,1,0,1,1,1,1},
        {1,1,1,1,1,1,1,1,1,1,1,1,1,1,1,1,1,1,1,1,1,1,1,1,1,1,1,1,1,1},
        {1,1,1,1,1,1,1,1,1,1,1,1,1,1,1,1,1,1,1,1,1,1,1,1,1,1,1,1,1,1},
        {1,1,1,1,1,1,1,1,1,1,1,1,1,1,1,1,1,1,1,1,1,1,1,1,1,1,1,1,1,1},
        {1,1,1,1,1,1,1,1,1,1,1,1,1,1,1,1,1,1,1,1,1,1,1,1,1,1,1,1,1,1},
        {1,1,1,1,1,1,1,1,1,1,1,1,1,1,1,1,1,1,1,1,1,1,1,1,1,1,1,1,1,1},
        {1,1,1,1,1,1,1,1,1,1,1,1,1,1,1,1,1,1,1,1,1,1,1,1,1,1,1,1,1,1},
        {1,1,1,1,1,1,1,1,1,1,1,1,1,1,1,1,1,1,1,1,1,1,1,1,1,1,1,1,1,1},
        {1,1,1,1,1,1,1,1,1,1,1,1,1,1,1,1,1,1,1,1,1,1,1,1,1,1,1,1,1,1},
        {1,1,1,1,1,1,1,1,1,1,1,1,1,1,1,1,1,1,1,1,1,1,1,1,1,1,1,1,1,1},
        {1,1,1,1,1,1,1,1,1,1,1,1,1,1,1,1,1,1,1,1,1,1,1,1,1,1,1,1,1,1},
        {1,1,1,1,1,1,1,1,1,1,1,1,1,1,1,1,1,1,1,1,1,1,1,1,1,1,1,1,1,1},
        {1,1,1,1,1,1,1,1,1,1,1,1,1,1,1,1,1,1,1,1,1,1,1,1,1,1,1,1,1,1},
    };





    cout << "[!] Лабиринты и рисунки, философия о жизни\n\n";

    cout << "[+] Выберете размер карты\n";
    cout << "[1] Меленькая карта\n";
    cout << "[2] Средняя карта\n";
    cout << "[3] Большая карта\n";

    short size;
    cin >> size;



    switch (size)
    {
    case 1:
        system("cls");
        for (int i = 0; i < 15; i++) {
            for (int j = 0; j < 15; j++) {
                if (arrlil[i][j] == 0) {
                    cout << "  ";
                }
                else {
                    cout << "# ";
                }
            }
            cout << "\n";
        }
        cout << "\n\n\n\n\n\n";
        break;
    case 2:
        
        system("cls");

        for (int i = 0; i < 20; i++) {
            for (int j = 0; j < 20; j++) {
                if (arrmid[i][j] == 0) {
                    cout << "  ";
                }
                else {
                    cout << "# ";
                }
            }
            cout << "\n";
        }
        cout << "\n\n\n\n\n\n";
        break;
    case 3:
        system("cls");

        for (int i = 0; i < 30; i++) {
            for (int j = 0; j < 30; j++) {
                if (arrbig[i][j] == 0) {
                    cout << "  ";
                }
                else {
                    cout << "# ";
                }
            }
            cout << "\n";
        }
        break;

    default:
        cout << "Данного значение не существует, пожалуйста выберите другое\n";
        system("pause");
        system("cls");
        main();
        break;
    }
    
    
    
    
    
    
    



    int _; cin >> _;
    return 0;

}

